$ANSIBLE_VAULT;1.1;AES256
61393434333433383163616331383264623732346463333630663262306262386338653438636232
3862613835336532636361626336336565386466323266630a393765383231666238616664663334
35356130306233663762373438653432633663336635396133363832303631633131666264396437
3539396438663666300a623164363266363062326531353462333231656565306132656532313135
36646335353330623238356634393231303937343061363834346136613964346161386438663061
34656437653239613336666435373639313733643862626461323937663639303034333964313632
63336637356635613262386463316461316537366361386434383963366361383931316238353633
32323931666237353063633062626266353363376565633731396234666237386463333636643164
64336530613138613132356366613462623736323033616135633235653761643930363231383961
35396133386339326238303263626332663437356431626464616638366363616137306561616538
31633932646134356364376532333932613036373639646637343465616231323832363863396331
39313639383330303433633264643664303137313837313034663137393032373734386239396636
38353631613462323562626134393063363731333734363838383836373031633436343762636163
65306137613863636662366235383433316562376438383230336339623937613935303338663064
35396363386535653439343831396338333635313762633633626561646534623634396666303031
38326131663736383861643230353865633935656238383631363633303236353831666666366234
64393361666330393562666361636666316361303833653763616432656433633930383838616335
62633466356165386238303137383263623236613034326165333739366436613839373464396336
39656232646161613833386236313030643137633130393266363061356535663061363866633636
34666635613633613465316437393735333632366338623139616237663465363038303335646663
39303036623731333362613263333862323463623338616333333365613334643632626136313565
30326265383037316437313666616237343730366337646630356661623632373838303137323334
62343138666137636635396632363632363732376464643434313737396363656162636139383932
62313230353036643632623435616563653032333836633234656435623631376631323865353664
39366361393965353061623365326461386238306566306338303066633163666166633335333733
66376134383861363434643061323134393235383136326232323266393433393464656634663431
62626533333562646233616138346132343861666437663662393331353061326563326338663731
66303363316434383462306461663634383532633763393839333932303133396338636334626266
63343133623530626337643962363832366561643165326137393864376338663035653564346535
34626566383738326264313265393266396364663465643865653831613361316230633138343239
37346135363864376362326663353064386163616532366365663433323634346237666130666365
36386532366361633263626264333362376264356637613063303539653636613663393165366235
30333266343238646435326666316464393339383265343335643861306534303932663263646261
36326138373631323333353331313264393133626465366532383363646533636439633638376134
65666132323137376461633161396264333065623932353038313238663034343034613165626531
30363033383265636339326635313338306633356162306363393663663466393766306633326232
35323333636661333265323962383235636139343433393363616266336532323036663434363738
31393532636631343964343736366436336533306632373737333935323263313639656336663134
65623361326237616536303732303861363536366565383565303463616437343161353938373564
37383335366163376332616137303066306136666334623363306237633534343936653534343635
36303561636334383464653739366362373936323534333032373133386661373830616331633839
64396665353338663066303834333036363830326135383833633035303836363639333736363561
38373732343836646531303234333236633337613065323362613731633361326565663361386361
39666435376337366437336337326332386463323230326464393733316338336130333131663737
65343839396633663034383638613263326264356432306465383366333132613731623061313839
31363563393531396263663038396133653032663336313635623630363331646366313832366131
35313737626162646462613064656237373530343430613631653533643862313338366663626332
65636537376363326564653064353365393234643735376234633432643639393732643462656465
39323530356232633538373436303132643165353931306566353262363333326666313034653438
39643831343831303462303934383962633062656233343035333639643432373066363034373064
63333061646562343765613136353536396539613164376337313263656365646264646633633738
38383936623335333266656639363930343461663661333631396664613932613336613739363365
63626535393665326536363033343563303039653962316563326363653031373038323165313862
66306665303734386263653466366135633533613030616164343831613132643966613531613266
36306136343431356464326231613134663261363266393934316265656136353563663661353332
36663231356439633831323561613261393265346333383130646333653538306363653531393663
36363434353832343831386230636533313862356361386262666330316363356661333262646339
36323265636139633561613632646231643764653838613139346631313730323066663330633862
38346131303537366139666462326136326632653965363465633763663661323031633065653936
38656564376434323039643462373465373931353832306165613337313237343863303133636461
33343539346632323861363331646230623232393333363232373839396531616163386637383863
30376363653130386339343738626264643536313236393637646133303962346561323834386537
34393139366233303335303430663464646634386531343466376661333737636162376162313232
39363164323938316437333530653433303461396630633866636535306335396464643362646239
33636133343935626436643265643361396465636536636665653637346339633033656336353033
32633162646538383330376439653339393235366362393562616530363534633162393231633933
30393732366633666363323162666664303938626339383433663538636432656661383162623735
63666138353332323531383938643034353432656635666431313863386461343665393637633732
37633934356264633330303735346565323335643666633332646436393262326331346330313163
31623863386432306561616264633465353230653361666662313230616464613961396239346531
35633264313265306637303861643339616630353266363232643930633365656336343263633839
38666565643366613339343232303465663531376534636336383064383066386632333232616665
31646536663737366231316564626435353233656561363163393066363231336166326135363361
30306163633565313863646636353331353864663962656161373964636438656136303932656234
37653563366661353466396132336235393561666463383236373235663131643637316164343262
64646233653737386363393933303665386631363632336230303761663131306235333039366238
63313866663966313930386639616662303261333931626166613336393266353137323832333262
38313032656535383532343466373266626131636537653739343733323862393032653366653233
33396435616130306137666563623935393866356433353365633830663236393939613266623862
39336466376465336434363234663365306136623865346163343062383561343736353066653735
39316566663138653961616233666233363439643736376361396265376631386464343834633035
62656536656362656461383932313636376237343164313130656661633666343632366131376433
37306535626330326633366463316362376133393339356661663239333065613165333261366532
36626164313335353530376234326265353831393865316134306332383232326364353564383333
62383538646438636230386366356364633838623133636366323465643633616464663930303665
31666466303739393964353330313435613430643638336465346364316332366537323338623338
30323766343837653564333138316265323038623331353661656164306538656463653233626631
30663539373434663634383562346438313766643833666637353363626133313637323266353234
63326264666662666533613337363861643366386436303363303231633037323733353264383832
35363664383062353431363662623263376262326631363536663036373737306537353133353664
33623032666536323562666465636363363636656536383832366136643361356639383261653061
36346539346433643264393564336466643065363633353935383931326261346332343363333735
39303337363161333365316433303263666132633561373037343233626463616233376634333262
30316430363266393739353633306564343834623938353635306432343765373738363962623134
34373830616336393564663031306532646665326466653439343931303032336138336165613134
65383337656331323835653563343339393064666130316631653535363066316261393335306361
66623135613966616235646266646537323266343162636135643938636664616638323834356661
37333661633965356566636664616465663961346133653533643464636161393738353563313865
33393264636466326363336435393963656230326331386337343935343235323231386530303631
33346263616166343935633134373833663863376561663763343165663933353463373638656564
62333864333863303335353737653737303833386664336130633536346430356234636161373066
65386430643135623839653033323535376462363566393765376331626364663862356133633235
66666366623062373332396537306465666565326163643735306630666265396539313962366334
64333666613735326537303637663736386164656363363634363637333963653366653436343163
62616132303964386438356133646539616362653939373962623935326532616638643833303263
61383761303965636534613535366131323566353934633237643332343861633062336535343131
39636630366264356633333465643935343461616636373538303536636234303439656666633430
30663861623139303765343962376239653833356437303335636533326339633135306338633739
65373937376266363364353037613238313765306634396539383066333962393138363534323838
37633261373838663034363933343364306562336465633930616332323065653965656538383036
30363165363231356532396363626665383062393430383165306365656664396430643437326130
63623036373564623363613735333533306232663265346265383463353861656235336530353330
30396239643439323535343635343030306537363163636263653766373866326466646364363338
33616662613362623630306137613939306330356539626465336539373763353930353766383366
33656134346430633738346133303330613039376264636663333530376161396461616131396464
38623966643930363238646332396130623761643361393436366439373465313930326630383730
32336662653339383430613664396332643431376661303039313638656162346231366239646666
35346135623937303361393137306630323862643039336265626435646336663232363836653662
61343434396639373764356633656664363161613563373066626431623630363963393766623865
65623539306436343639383464633531666137343963303635316333623964306430353766343434
32643232396366393331303232663434333538623436663637636565613239663463366431646437
37396166316433376234396131633863376263303430393135373638373761306565653765323035
63386233623663306462393264666435306633353565343263656135663933663532333663383032
35313639646330383639663832633464613430336430636636626334363061383530393362666336
33333839663936666431386662623434303535613735393530353364333634393634393438363038
31336438363763333538323937306466663361656533313238323438363933353035653134613035
30313730343761653263383530613835376363643336303861343764636132376436393861326338
65656264376630336637626231653663656361343066643762616331393837303931363939363466
62393132333130633664383030343036346466363239666431636161303230363465636330346538
34386536646464376432343834383237613266643336376462303133396130613061303765323463
38383735353932343265346533613864656133303732643231636161646139373464393233323533
65616436616339323064303735343762626165383739373539393232353933343762383536613035
30316539376639363661316436656366366233613833343036656137633862393634636631383934
30666134633937313761346137353030313565363230663334383262663163393563396562323766
36616433646432626335356263323633623833623830663261663062396263653430666332306165
63333461396230343439363932656339666435643633316464356163663230316431633162623666
62666137663666353264353736326238366465393362303466646166313337316434356661646632
35363966336439323730383366613065306430633366616233313763376462393364306132376531
63363031323636383431353434633931323532646239386239643035356261653632323234353637
64373064623865396438343135343063636630653232356630383166373532663136643365373931
63663930333737376166336366643135643532653166663763353834653834633430333465386636
33333161623737396339633635626137333331376663303161336265393064663663666233343134
32626665383063656463356463393832646338313030646431643036353463623062373338303337
31323431666464626333656238643231376632366636373331636130666633393431666234623230
34656638373638363131396431366436663335333030383866633835623632623139666161333930
64633136306639623539653862356433313439366161303334333863643831316130663035376163
33323833326662633231353761656331383331366365393461346264636566346532666439623165
37306163616562323665306134656433623364623237653938636631396637666466366565653736
32653439373838316135333164636362313839313534343163336363303862393436336339313334
31646635356333343938323066393230623730653263643737386137303561366337633337633837
62633139646165363633333037343265653064306465383633626533303131393732333864383235
36336533636161643536616633323236353735363339313261316332393231653635633366646637
38653461303135633436313763386539313262313938313136313039653463383032633239663261
30653264646661626639663831333134343461323563353035346436646666336537343064366532
64323735643331616661623833633261643961616334623838663432616236306430316135303865
32313033623766393566353730323066346466646433626565366636386364383465336632376163
39303431363936376666653230303964646138643164633835326262653834643662303736313435
36333835633532653935616432626566363636663634666565393131376464306138653661393133
61336162616632303231636464353135336262346234623335306136343939303962623263323661
63376561636330353030646231306133373737393138656361383737333730663533383261326636
31393237386137613933303936616232663663613361373334333063313537376562336634323164
65616537656638663636646362366161653865666231633031616137623539326565353436646563
36373463623131343333663062616534616433643061616532346134636463323930346139383535
31623861633838316634633761623139333336623435663632343264336262396464663139323163
34613461393732313338306164386565663837356265333537393338376632323635666132313930
62343061623365353038646330663533386335346561383064663866643061646534353833326564
33316266323536623433323264626264306333346638633534656666396437663637316539333433
66373530393564386263376364656633613663376534376564626631653832346630626461626361
63663031373235623639333031343937326639373761643939656336316335643733653765313931
37383230373266323163373665306330326137373262626366306233633234356335343539313834
32366235343535353630636361393930393066363030356132313565663238333636393065393733
36343462373039656334373939613566383030616432316138646337316131306666653762346139
33623866323533396633323862323239383964393631363064373833363437346633383036656136
61393265373235373163623933346266643037656333366666623039356635386463323061316161
64313736316262316232363430396239633863633336633438326234633534626637386133393636
32333862626636356436653338383162333964316462616363306638343661343335306539383532
32663130363666346136363462616138376630366631343237646230306531323865656664326134
66383437633339333764363065333438353630353862336462356430383732383532363037333864
31396539626134663363383034613931363439343837326538666266396331366539663366633663
65316339636530653363353061346139643038653639663331393439666666373138363864393736
38306632396239363139623830376265656361653032386633396263386239666563623236393237
65333933333561643561356665616439376630613235626266323163343536616465303065353463
61323535646230333562373330623062376162643939333534643638303339396338396464323531
37343437643939653035313139633264626262626562623833353264313266646431623532303131
63373063313233336264306634656134373333663962653265333430313630653234376263363463
35323336396162303535383434363336343962653235333038616333366265393265316164323663
63383030396433303135626636343666633433336634363130313633356565633632303135393233
36306435383834313131396536633637373630633336313566343664366435326532306137656437
61666337616335303632303931396261633739373237623934643763336237393938346233383064
30616537376333306332366263666566646334373137323665353063393435623562666337373961
30373037306533363431336439323365333666373966396430326561373661366131623666303864
39616435613863613265316336636633356433383165643732306532363262656430656437623765
33303963393264383166323637653336303862376164626437626430623564613335363134323866
34346563643838336661306561643330623430613737363732666631383335623865663034306438
31336535376436653035323330376366656430333036656265623931386538353364393038656265
61386264623762363162636363336561346463356365646131316138313136666336356364633833
30626461656332653136383430353735323833663965383066386166383133306631313665363338
61333930633566393866383031393238663335326661343433616534333230663635343064643934
30643731363832366630346337626131356530306437366264613038363838303538356361636262
37613130363661623963326666306463366231646565393636303238393135623130636565636263
63353636303962393461613262646466313363353039363735623963306166643235626362396337
37383662313835613661633437303735303736356235646132616231633362303139343035366337
36346366316565616637303062353636323062366562626565353165336131613337393866643434
34316431663665333932616630323262633637343864616231633530313234303333303438323033
36346239633830346436633963343932353663396230623965323762376536336163326464366162
63373536346432633836346532353665346135306433656433646364366338386161643236393562
38363032626537623734653936333265616234636165656434303830363763386564383664383930
61623330616263633930636631383233373232633930663865336331323465626232353031653964
33626232366364653166376233386365306431363563393931323234643665363237613431373337
61656562383766373064356665376563643634333031613330306662363464666439633365386262
66396163373532356463333932373335646232613265396463356364616139666365366466663532
33396532313539363632396134613738366663363331623234336138313962356134616439343564
61393962663933363833666163653461326464373130346466343036303032306237313437626638
66386366363836303537363966303964313361373136386533663532366130613831383435646563
66343266333531373036393335643536663361353462323863633533366637393337313533663064
36353238653766306637633139663137333464386663323961663534656565376539326337326237
34356565633630393939333761383062333538393763643539656331393966353832626263643831
35323164393765623865396364373063643664616334303932303534616461366266636438373935
37396236646635626138393762303036643932386233396136653437346664643666643565616534
64393062613638356230633635333038326537386266393163346433323236373037626330326262
61366534316165306162653061643235303862306631626432623066633033353039613562646166
38646663663766383161316639326266636438343366666337653537386235653062373463616266
38666637643734663539656566363735343637663764306331396333646562346333363433636537
38633430303063643362323132343962633633613463396632653137316536636461363762613066
33613637646563666236646330623763623638376234393931656364336339363064336439656532
32383537363539373639633165353636303434613833613135656132326536303135356436386438
34663666363636373234333530323866306561616230373939626434666232663131333832323933
64333839303633623938366236343665353236333837386138663866643032336365306162626536
32623066323530623030386264646665356166353030373635643133316334616162373761646234
65343762363735396665326435353233636232323839613461323832646437666138663734373838
34336566303033663064656132346366313838303161343336373134646234653139336532303565
38303361303732376665386634326538336333396366623836313636656137373036373933656465
32346562383633383432323663326665366131363935626636613236393634643330626164353364
34313032626338373136303530393034363339623038643066376236643339363666653138363064
63663333306437653337643135383236346434623738306435303134396638373135636635303335
62333732366663623864386531366230396363613363393036653865666131346631353231323161
32653435306536656238643339376166656135383434386235343638333362643834663433623063
38613939343139353466616237343064353566623938303635623333323939393362353731323639
64666431636661626461376131303366363339663231393635373966313336326239613866653138
63366637313466386133363665613535626136396265363436643335646633386563626332373539
36613731643561636164346161643563393131383061376638653135323464376531336533376566
36383663396438306537653433316666333538363835643961363261646634333263626634643461
32653065306230623265386331666139356537303930656362653430643834386163363662633231
64316539396561393234343531313633666261356539633466366339343533303763653734333039
30613833613065313939323133396638646631356161633032373233346437663834363464356539
3265303265633661666434336631313430623761336233396437
