$ANSIBLE_VAULT;1.1;AES256
31353737613434663664303736313566316161333935383936393036303063393962373561373633
3065333463303930306464343135626531353631666464330a616338373039653937653233356364
31663366386637323934386564656533633432373434663331383961386661333964636261346236
3064643136636565330a623630613466363932613631663435326130633231663765393163626461
38393735346664316363343739623762626231346430373136636362323064333430336431623133
32623030623931383639356266386638663865633632326464333136356632643331363938313433
66363564626364626663316661336136313738363638363031623365636633316135623132363734
63656439396665343034396430616433623662383935656230306236306166626465656665303239
33623837366432386534663539326235633633663635363430613561393332633065333339626131
62616561353736623333373231363531333739666163666266303365363631303039376265626330
62316362633862393134313131646631383366376332346532386337646562643831376236616164
30316165353363613231366530666630656633306664666332323632336661326133306131363532
63653139323365333665343264326230303734306338356562646630326236633239663666316161
62383830373762346439366438333538313165643035663139306236663561633036363239636366
39326435613765643265346461313832323439613864383831626639346363326362363334653165
39636162346263613565306338666235336336343033303431323363336136666266353165313839
34643935643361626130386163336336656636656464303838653538643037656163303030636236
64366638333063336561336366353730356436366536343566646361336535316662303261666162
30343765613337306166633766353963663836343038633464333931333837663063653265363239
63633437373561656461343562636165343166393364656432386132666333633063663431633830
38346135346434646234376532343831623265373336326162613333323031663032643532663938
30366633653865363766383037393038326233366665313433353235313131643630623563353463
63323565393938646437316432316339303265646464306531323361306230643563663463363163
65666230623236663261363463343938386332343161633539353634333639303138393636373765
38316138383261356662336564383337643730376663613530343738326439393031343731383165
38383637643237656237643034343061303533356535383138623765623736316532383964633536
33306534636635313737336465633832336434303334353838383865613139393530633563386634
64393739363637396264656161326462396631313435653162616464633333333733613238333632
64313266393839346663613036383562343766326533666536393430383833306137383964303766
66633733306461366637363931653866653064326134383863323863383133313838663139623735
33666638653662373231353631393331653163353265353930643432653636663435616264623736
39386566333031393339626233356661303534336239623631373739366665656463356365646164
36653433306133633035633466303036363335383136616434303064383638313036643538376636
39306133643064346139626166626434656135343865613939626436633963383533303364393266
61326538633832653962653161333363633535383362333261626530353561393731303239613764
63623636336137323838666231373735363437316466323637633664336434323264336437316161
65313365663633333262363562313066396334393466306139303063636534326637
